0 1 2 5 6 7 10 11 12 21 25 30 35 40 45 50 55 60 70 80
40 41 42 43 14 15 16 20 30 31 32 33 34 35 37 90 80 81 82 91
0 5 10 15 20 25 30 35 40 45 50 55 56 36 37 2 80 81 82 83
0 1 2 3 4 5 6 7 8 9 10 11 12 13 14 15 16 17 18 19
0 1 2 3 14 15 16 20 30 31 32 33 34 35 37 90 80 81 82 91
0 1 2 3 4 5 6 7 8 9 10 11 12 13 14 15 16 17 18 19
0 1 2 5 6 7 10 11 12 21 25 30 35 40 45 50 55 60 70 80
0 5 10 15 20 25 30 35 40 45 50 55 56 36 37 2 80 81 82 83
0 1 2 5 6 7 10 11 12 21 25 30 35 40 45 50 55 60 70 80
0 1 2 3 14 15 16 20 30 31 32 33 34 35 37 90 80 81 82 91
0 1 2 5 6 7 10 11 12 21 25 30 35 40 45 50 55 60 70 80
40 41 42 43 14 15 16 20 30 31 32 33 34 35 37 90 80 81 82 91
40 41 42 43 14 15 16 20 30 31 32 33 34 35 37 90 80 81 82 91
0 1 2 5 6 7 10 11 12 21 25 30 35 40 45 50 55 60 70 80
40 41 42 43 14 15 16 20 30 31 32 33 34 35 37 90 80 81 82 91
0 5 10 15 20 25 30 35 40 45 50 55 56 36 37 2 80 81 82 83
0 1 2 3 4 5 6 7 8 9 10 11 12 13 14 15 16 17 18 19
0 1 2 3 14 15 16 20 30 31 32 33 34 35 37 90 80 81 82 91
0 1 2 3 4 5 6 7 8 9 10 11 12 13 14 15 16 17 18 19
0 1 2 5 6 7 10 11 12 21 25 30 35 40 45 50 55 60 70 80
0 5 10 15 20 25 30 35 40 45 50 55 56 36 37 2 80 81 82 83
0 1 2 5 6 7 10 11 12 21 25 30 35 40 45 50 55 60 70 80
0 1 2 3 14 15 16 20 30 31 32 33 34 35 37 90 80 81 82 91
0 1 2 5 6 7 10 11 12 21 25 30 35 40 45 50 55 60 70 80
40 41 42 43 14 15 16 20 30 31 32 33 34 35 37 90 80 81 82 91
40 41 42 43 14 15 16 20 30 31 32 33 34 35 37 90 80 81 82 91